[gd_scene load_steps=53 format=3 uid="uid://e6jwbml72r4o"]

[ext_resource type="Environment" uid="uid://bqnqgflivjvue" path="res://scenes/main-environment.tres" id="1_apxki"]
[ext_resource type="PackedScene" uid="uid://dl2ed4gkybggf" path="res://objects/player.tscn" id="2_hgw2l"]
[ext_resource type="Script" path="res://scripts/view.gd" id="3_xcrwe"]
[ext_resource type="PackedScene" uid="uid://bpharv43ulngb" path="res://objects/platform_moving.tscn" id="4_5ex8m"]
[ext_resource type="PackedScene" uid="uid://g73m8k0j7lyo" path="res://objects/button.tscn" id="12_kk8bf"]
[ext_resource type="PackedScene" uid="uid://0v6t454aaexr" path="res://objects/door.tscn" id="13_2py5d"]
[ext_resource type="PackedScene" uid="uid://cxea8lmw7cy1l" path="res://objects/player_kill_volume.tscn" id="15_2eye2"]
[ext_resource type="PackedScene" uid="uid://c8up71en5djgm" path="res://objects/platform_falling.tscn" id="18_x8jhr"]
[ext_resource type="PackedScene" uid="uid://jkaqp7o6fpry" path="res://objects/RandomGrass.tscn" id="19_woi2s"]
[ext_resource type="PackedScene" uid="uid://ytqajrdi7fqj" path="res://objects/trampoline.tscn" id="20_t2136"]
[ext_resource type="PackedScene" uid="uid://d33f1rd6r3xb8" path="res://objects/Statue Climbing.tscn" id="21_o20jo"]
[ext_resource type="Script" path="res://scripts/hud.gd" id="22_1dx8f"]
[ext_resource type="PackedScene" uid="uid://hdrh3devmw4j" path="res://objects/block_grass_large_slope_steep_narrow.tscn" id="23_0bmlp"]
[ext_resource type="Texture2D" uid="uid://cd7oyc56ehkx1" path="res://sprites/coin.png" id="23_324j0"]
[ext_resource type="LabelSettings" uid="uid://daohhjonjrdx8" path="res://themes/label_settings.tres" id="24_6hsja"]
[ext_resource type="PackedScene" uid="uid://b408om0l4wwuy" path="res://objects/platform_wood.tscn" id="24_7tpol"]
[ext_resource type="PackedScene" uid="uid://75vos45xhhvy" path="res://objects/ground.tscn" id="24_ienln"]
[ext_resource type="PackedScene" uid="uid://cd1wesur66n4q" path="res://objects/bridge.tscn" id="25_tqc5w"]
[ext_resource type="FontFile" uid="uid://d0cxd77jybrcn" path="res://fonts/lilita_one_regular.ttf" id="25_vfu23"]
[ext_resource type="PackedScene" uid="uid://com4byovwxt70" path="res://objects/tree_platform.tscn" id="25_yrv8q"]
[ext_resource type="PackedScene" uid="uid://cyvet7kb6y80r" path="res://objects/checkpoint.tscn" id="26_6820t"]
[ext_resource type="PackedScene" uid="uid://bxcntuh1t3bd2" path="res://objects/grass_platform.tscn" id="26_is2pv"]
[ext_resource type="PackedScene" uid="uid://ch7rmuqpui4yv" path="res://objects/block_grass_overhang_edge.tscn" id="26_ulocn"]
[ext_resource type="Theme" uid="uid://d3avl0mr4r87l" path="res://themes/default_theme.tres" id="26_xw2uw"]
[ext_resource type="Texture2D" uid="uid://dm50aa4qogm65" path="res://sprites/button_rectangle_depth_gloss.png" id="27_ct75u"]
[ext_resource type="PackedScene" uid="uid://dpo3dr26b06w3" path="res://objects/spike_block_wide.tscn" id="27_i7ntq"]
[ext_resource type="PackedScene" uid="uid://nb5oeq7uunyp" path="res://objects/edge_secret_zones.tscn" id="28_kr7e5"]
[ext_resource type="PackedScene" uid="uid://b6ctyw8xrpa4l" path="res://objects/block_grass_low_hexagon_2.tscn" id="28_m1csu"]
[ext_resource type="PackedScene" uid="uid://4ih5ayxmjfo0" path="res://objects/block_grass_corner.tscn" id="29_1g3u0"]
[ext_resource type="PackedScene" uid="uid://bs65o07otxbmm" path="res://objects/moving_object_path_3d.tscn" id="29_30bkc"]
[ext_resource type="PackedScene" uid="uid://dhxok27jxvik8" path="res://objects/flag.tscn" id="30_prnoi"]

[sub_resource type="CameraAttributesPractical" id="CameraAttributesPractical_q1lt6"]

[sub_resource type="Curve3D" id="Curve3D_qnuof"]
_data = {
"points": PackedVector3Array(0, 0, 0, 0, 0, 0, -42.72, -3.045, 27.795, 0, 0, 0, 0, 0, 0, -42.72, 10, 27.796),
"tilts": PackedFloat32Array(0, 0)
}
point_count = 2

[sub_resource type="Curve3D" id="Curve3D_umwbn"]
bake_interval = 24.75
_data = {
"points": PackedVector3Array(0, 0, 0, 0, 18, 0, -135.315, 104.935, -3.13, 0, 0, 0, 0, 0, 0, -135.925, 17.97, 3.615, 0, 0, 0, 0, 0, 0, -82.445, 15.275, -4.385),
"tilts": PackedFloat32Array(0, 0, 0)
}
point_count = 3

[sub_resource type="LabelSettings" id="LabelSettings_ri8jt"]
font = ExtResource("25_vfu23")
font_size = 128
shadow_color = Color(0, 0, 0, 0.376471)
shadow_offset = Vector2(2, 2)

[sub_resource type="LabelSettings" id="LabelSettings_x4d2s"]
font = ExtResource("25_vfu23")
font_size = 32
shadow_color = Color(0, 0, 0, 0.376471)
shadow_offset = Vector2(2, 2)

[sub_resource type="LabelSettings" id="LabelSettings_v6r7m"]
font = ExtResource("25_vfu23")
font_size = 42
shadow_color = Color(0, 0, 0, 0.376471)
shadow_offset = Vector2(2, 2)

[sub_resource type="Curve3D" id="Curve3D_0nggo"]
_data = {
"points": PackedVector3Array(0, 0, 0, 0, 0, 0, 12.12, 18, 4.382, 0, 0, 0, 0, 0, 0, 12.12, 30, 4.382),
"tilts": PackedFloat32Array(0, 0)
}
point_count = 2

[sub_resource type="Curve3D" id="Curve3D_lhvqu"]
_data = {
"points": PackedVector3Array(0, 0, 0, 0, 0, 0, -2.48, 32.7, -7.7, 0, 0, 0, 0, 0, 0, -2.48, 10, -7.7),
"tilts": PackedFloat32Array(0, 0)
}
point_count = 2

[sub_resource type="Curve3D" id="Curve3D_vc6ll"]
_data = {
"points": PackedVector3Array(0, 0, 0, 0, 0, 0, 8.86, 28.72, 12.52, 0, 0, 0, 0, 0, 0, 8.86, 10, 12.52),
"tilts": PackedFloat32Array(0, 0)
}
point_count = 2

[sub_resource type="Curve3D" id="Curve3D_ntu4l"]
_data = {
"points": PackedVector3Array(0, 0, 0, 0, 0, 0, 8.862, 36.021, -4.135, 0, 0, 0, 0, 0, 0, 10.477, 44.131, -4.305),
"tilts": PackedFloat32Array(0, 0)
}
point_count = 2

[sub_resource type="Curve3D" id="Curve3D_fcpr2"]
_data = {
"points": PackedVector3Array(0, 0, 0, 0, 0, 0, 10.813, 40.341, 0.522, 0, 0, 0, 0, 0, 0, 12.363, 45.906, 0.317),
"tilts": PackedFloat32Array(0, 0)
}
point_count = 2

[sub_resource type="Curve3D" id="Curve3D_j4vv7"]
_data = {
"points": PackedVector3Array(0, 0, 0, 0, 0, 0, 10.05, 40.39, 1.556, 0, 0, 0, 0, 0, 0, 11.6, 45.955, 1.761),
"tilts": PackedFloat32Array(0, 0)
}
point_count = 2

[sub_resource type="Curve3D" id="Curve3D_onmrt"]
_data = {
"points": PackedVector3Array(0, 0, 0, 0, 0, 0, -2.906, 45.505, 4.533, 0, 0, 0, 0, 0, 0, -2.166, 45.505, -7.537),
"tilts": PackedFloat32Array(0, 0)
}
point_count = 2

[sub_resource type="Curve3D" id="Curve3D_vb3ux"]
_data = {
"points": PackedVector3Array(0, 0, 0, 0, 0, 0, -1.67, 52.87, -1.01, 0, 0, 0, 0, 0, 0, -24.7, 22.245, 38.18),
"tilts": PackedFloat32Array(0, 0)
}
point_count = 2

[sub_resource type="Curve3D" id="Curve3D_acyxi"]
_data = {
"points": PackedVector3Array(0, 0, 0, 0, 0, 0, 10.515, 38.565, -8.305, 0, 0, 0, 0, 0, 0, 10.515, 9.765, -8.305),
"tilts": PackedFloat32Array(0, 0)
}
point_count = 2

[sub_resource type="Curve3D" id="Curve3D_8wc8p"]
_data = {
"points": PackedVector3Array(0, 0, 0, 0, 0, 0, 16.465, 44.32, 11.165, 0, 0, 0, 0, 0, 0, 18.195, 8.355, 12.64),
"tilts": PackedFloat32Array(0, 0)
}
point_count = 2

[sub_resource type="Curve3D" id="Curve3D_kqoch"]
_data = {
"points": PackedVector3Array(0, 0, 0, 0, 0, 0, -3.98, 10.805, 43.725, 0, 0, 0, 0, 0, 0, -11, 21.2, 35.9),
"tilts": PackedFloat32Array(0, 0)
}
point_count = 2

[sub_resource type="Curve3D" id="Curve3D_4cqv4"]
_data = {
"points": PackedVector3Array(0, 0, 0, 0, 0, 0, -7.65, 46.8, 34.65, 0, 0, 0, 0, 0, 0, 5.07, 52.665, 27.08),
"tilts": PackedFloat32Array(0, 0)
}
point_count = 2

[sub_resource type="Curve3D" id="Curve3D_u4jl2"]
_data = {
"points": PackedVector3Array(0, 0, 0, 0, 0, 0, 3.455, 52.695, 24.72, 0, 0, 0, 0, 0, 0, -9.31, 46.695, 32.22),
"tilts": PackedFloat32Array(0, 0)
}
point_count = 2

[sub_resource type="Curve3D" id="Curve3D_pqqgo"]
_data = {
"points": PackedVector3Array(0, 0, 0, 0, 0, 0, -1.83, 49.47, 34.445, 0, 0, 0, 0, 0, 0, -5.895, 49.47, 27.765),
"tilts": PackedFloat32Array(0, 0)
}
point_count = 2

[sub_resource type="Curve3D" id="Curve3D_585xj"]
_data = {
"points": PackedVector3Array(0, 0, 0, 0, 0, 0, -0.615, 51.995, 24.04, 0, 0, 0, 0, 0, 0, 3.465, 51.995, 30.695),
"tilts": PackedFloat32Array(0, 0)
}
point_count = 2

[node name="Main" type="Node3D"]
transform = Transform3D(1, 0, 0, 0, 1, 0, 0, 0, 1, -0.454268, 0, -0.0298386)

[node name="WorldEnvironment" type="WorldEnvironment" parent="."]
environment = ExtResource("1_apxki")
camera_attributes = SubResource("CameraAttributesPractical_q1lt6")

[node name="Player" parent="." node_paths=PackedStringArray("view") instance=ExtResource("2_hgw2l")]
transform = Transform3D(0.140919, 0.00691159, 0.989997, -4.13124e-10, 0.999976, -0.00698125, -0.990021, 0.000983791, 0.140916, 12.6369, 43.3404, -1.52937)
view = NodePath("../View")

[node name="View" type="Node3D" parent="." node_paths=PackedStringArray("target") groups=["View"]]
process_mode = 3
transform = Transform3D(1, -7.38929e-08, 1.58464e-07, 0, 0.906308, 0.422618, -1.74846e-07, -0.422618, 0.906307, -133.835, 108.166, 4.82418)
script = ExtResource("3_xcrwe")
target = NodePath("../Player")

[node name="Camera" type="Camera3D" parent="View"]
transform = Transform3D(1, 0, 0, 0, 1, -3.57628e-07, 0, 0, 1, 0.0117297, -0.0348581, 9.96165)
current = true
fov = 40.0
near = 0.025
far = 200.0

[node name="Sun" type="DirectionalLight3D" parent="."]
transform = Transform3D(-0.422618, -0.694272, 0.582563, 0, 0.642788, 0.766044, -0.906308, 0.323744, -0.271654, 0, 0, 0)
shadow_enabled = true
shadow_opacity = 0.75

[node name="MyWorld" type="Node3D" parent="."]
transform = Transform3D(1, 0, 0, 0, 1, 0, 0, 0, 1, 0.00591946, 0, -0.0332251)

[node name="Island_1" type="Node3D" parent="MyWorld"]

[node name="Bridge" parent="MyWorld/Island_1" instance=ExtResource("25_tqc5w")]
transform = Transform3D(10, 0, 0, 0, 5, 0, 0, 0, 7, -23.6198, 10, 0.0045042)

[node name="Grass_platform" parent="MyWorld/Island_1" instance=ExtResource("26_is2pv")]
transform = Transform3D(-3.49691e-08, 0, 2, 0, 2, 0, -0.8, 0, -8.74228e-08, 6.98494, 6.60564, -16.549)

[node name="Grass_platform2" parent="MyWorld/Island_1" instance=ExtResource("26_is2pv")]
transform = Transform3D(-3.49691e-08, 0, 2, 0, 2, 0, -0.8, 0, -8.74228e-08, 2.80033, 4.91976, -16.549)

[node name="Grass_platform3" parent="MyWorld/Island_1" instance=ExtResource("26_is2pv")]
transform = Transform3D(-3.49691e-08, 0, 2, 0, 2, 0, -0.8, 0, -8.74228e-08, -1.35603, 3.08868, -16.549)

[node name="Grass_platform4" parent="MyWorld/Island_1" instance=ExtResource("26_is2pv")]
transform = Transform3D(-3.49691e-08, 0, 2, 0, 2, 0, -0.8, 0, -8.74228e-08, -8.04408, 2.64025, -16.5138)

[node name="Grass_platform5" parent="MyWorld/Island_1" instance=ExtResource("26_is2pv")]
transform = Transform3D(0.565685, 0, -1.41421, 0, 2, 0, 0.565685, 0, 1.41421, -14.4542, 2.64025, -14.3829)

[node name="Grass_platform6" parent="MyWorld/Island_1" instance=ExtResource("26_is2pv")]
transform = Transform3D(0.8, 0, 0, 0, 2, 0, 0, 0, 2, -16.1303, 2.04368, -7.99769)

[node name="Grass_platform7" parent="MyWorld/Island_1" instance=ExtResource("26_is2pv")]
transform = Transform3D(3, 0, 0, 0, 2, 0, 0, 0, 3, -19.6704, 2.16073, 0)

[node name="Grass_platform8" parent="MyWorld/Island_1" instance=ExtResource("26_is2pv")]
transform = Transform3D(2, 0, 0, 0, 1, 0, 0, 0, 2, -22.8416, 1.73492, -2.21553)

[node name="Grass_platform9" parent="MyWorld/Island_1" instance=ExtResource("26_is2pv")]
transform = Transform3D(2, 0, 0, 0, 1, 0, 0, 0, 2, -22.9496, 0.832045, 1.97966)

[node name="Grass_platform10" parent="MyWorld/Island_1" instance=ExtResource("26_is2pv")]
transform = Transform3D(2, 0, 0, 0, 1, 0, 0, 0, 2, -25.9963, -0.58541, 1.91494)

[node name="Grass_platform11" parent="MyWorld/Island_1" instance=ExtResource("26_is2pv")]
transform = Transform3D(2, 0, 0, 0, 1, 0, 0, 0, 2, -25.9963, -2.19375, -0.636649)

[node name="Grass_platform14" parent="MyWorld/Island_1" instance=ExtResource("26_is2pv")]
transform = Transform3D(2, 0, 0, 0, 1, 0, 0, 0, 2, -30.124, -2.88972, -3.04008)

[node name="Grass_platform12" parent="MyWorld/Island_1" instance=ExtResource("26_is2pv")]
transform = Transform3D(2, 0, 0, 0, 1, 0, 0, 0, 2, -23.1063, -3.71482, -0.943324)

[node name="Grass_platform13" parent="MyWorld/Island_1" instance=ExtResource("26_is2pv")]
transform = Transform3D(3, 0, 0, 0, 1, 0, 0, 0, 3, -23.1352, -5.22689, 3.17454)

[node name="Island_2" type="Node3D" parent="MyWorld"]

[node name="Ground3" parent="MyWorld/Island_2" instance=ExtResource("24_ienln")]
transform = Transform3D(15, 0, 0, 0, 10, 0, 0, 0, 20, -47.5847, 0.939712, 6.25529)

[node name="Ground4" parent="MyWorld/Island_2" instance=ExtResource("24_ienln")]
transform = Transform3D(2, 0, 0, 0, 2, 0, 0, 0, 3, -53.8111, 12.2074, -23.7608)

[node name="Ground5" parent="MyWorld/Island_2" instance=ExtResource("24_ienln")]
transform = Transform3D(2, 0, 0, 0, 2, 0, 0, 0, 2, -48.5465, 10.9409, -18.2191)

[node name="Ground6" parent="MyWorld/Island_2" instance=ExtResource("24_ienln")]
transform = Transform3D(2, 0, 0, 0, 2, 0, 0, 0, 2, -37.2714, 8.9784, -18.2239)

[node name="Ground7" parent="MyWorld/Island_2" instance=ExtResource("24_ienln")]
transform = Transform3D(-15, 8.74228e-07, 0, -1.31134e-06, -10, 0, 0, 0, 20, -47.5847, -2.30253, 6.25529)

[node name="Ground8" parent="MyWorld/Island_2" instance=ExtResource("24_ienln")]
transform = Transform3D(2, 0, 0, 0, 2, 0, 0, 0, 3, -134.346, 103.61, 5.36882)

[node name="platform-falling" parent="MyWorld/Island_2" instance=ExtResource("18_x8jhr")]
transform = Transform3D(1, 0, 0, 0, 1, 0, 0, 0, 1, -53.8894, 12.7902, -17.9845)

[node name="platform-falling2" parent="MyWorld/Island_2" instance=ExtResource("18_x8jhr")]
transform = Transform3D(1, 0, 0, 0, 1, 0, 0, 0, 1, -43.162, 11.5891, -17.9845)

[node name="block-grass-large2" parent="MyWorld/Island_2" instance=ExtResource("26_is2pv")]
transform = Transform3D(6, 0, 0, 0, 1, 0, 0, 0, 1.5, -51.1184, -3.32166, 27.8172)

[node name="button" parent="MyWorld/Island_2" node_paths=PackedStringArray("target") instance=ExtResource("12_kk8bf")]
transform = Transform3D(1, 0, 0, 0, 1, 0, 0, 0, 1, -53.8228, 14.2466, -25.8984)
target = NodePath("../door")

[node name="door" parent="MyWorld/Island_2" instance=ExtResource("13_2py5d")]
transform = Transform3D(1.5, 0, 0, 0, 1.5, 0, 0, 0, 1.5, -54.4928, -2.20786, 25.6278)
look_at_door_when_opens = true

[node name="button2" parent="MyWorld/Island_2" node_paths=PackedStringArray("target") instance=ExtResource("12_kk8bf")]
transform = Transform3D(1, 0, 0, 0, 1, 0, 0, 0, 1, -53.8978, -2.27466, 17.9553)
target = NodePath("../moving_object_path")

[node name="platform-moving" parent="MyWorld/Island_2" instance=ExtResource("4_5ex8m")]
transform = Transform3D(1, 0, 0, 0, 1, 0, 0, 0, 1, -42.7504, -2.7946, 27.8172)

[node name="moving_object_path" parent="MyWorld/Island_2" node_paths=PackedStringArray("object_to_move") instance=ExtResource("29_30bkc")]
transform = Transform3D(1, 0, 0, 0, 0.999997, 0, 0, 0, 0.999997, 0.448349, 0, 0.0630637)
curve = SubResource("Curve3D_qnuof")
object_to_move = NodePath("../platform-moving")
movement_speed = 2.0
is_on_from_start = false
ping_pong = true

[node name="Edge_SecretZones2" parent="MyWorld/Island_2" instance=ExtResource("28_kr7e5")]
transform = Transform3D(-15, -3.01992e-06, 2.64009e-14, 0, -8.74228e-07, -4, 2.26494e-06, -20, 1.74846e-07, -47.6616, 1.29045, 6.24253)

[node name="Edge_SecretZones4" parent="MyWorld/Island_2" instance=ExtResource("28_kr7e5")]
transform = Transform3D(-6.55671e-07, -15, 1.74846e-07, 0, -6.55671e-07, -4, 15, -6.55671e-07, 7.64274e-15, -47.6874, 1.29045, 1.24188)

[node name="Edge_SecretZones3" parent="MyWorld/Island_2" instance=ExtResource("28_kr7e5")]
transform = Transform3D(-8.74228e-07, 15, -1.74846e-07, 0, -6.55671e-07, -4, -20, -6.55671e-07, 7.64274e-15, -47.6616, 1.29045, 6.23581)

[node name="Edge_SecretZones5" parent="MyWorld/Island_2" instance=ExtResource("28_kr7e5")]
transform = Transform3D(0.42138, 5.48383, -1.74332e-07, 0, -2.40413e-07, -4, -5.48383, 0.42138, -1.33957e-08, -38.2282, 1.24647, 21.0429)

[node name="Edge_SecretZones6" parent="MyWorld/Island_2" instance=ExtResource("28_kr7e5")]
transform = Transform3D(6.49792, -0.13927, 4.42742e-09, 0, -2.40413e-07, -4, 0.164592, 5.49824, -1.74789e-07, -55.9728, 1.24647, 20.3532)

[node name="Edge_SecretZones7" parent="MyWorld/Island_2" instance=ExtResource("28_kr7e5")]
transform = Transform3D(-2.84124e-07, -5.5, 1.74846e-07, 0, -2.40413e-07, -4, 6.5, -2.40413e-07, 7.64274e-15, -47.547, 1.24647, 26.2251)

[node name="BigMountain" type="Node3D" parent="MyWorld"]
transform = Transform3D(1, 0, 0, 0, 1, 0, 0, 0, 1, -0.420181, 0.323196, -0.214977)

[node name="block-grass-edge2" parent="MyWorld" instance=ExtResource("19_woi2s")]
transform = Transform3D(1.78863, 0, 3.00845, 0, 3.5, 0, -3.00845, 0, 1.78863, -64.7081, 15.7543, 17.8352)

[node name="trampoline" parent="MyWorld" instance=ExtResource("20_t2136")]
transform = Transform3D(0.780343, 0, 0.625352, 0, 1, 0, -0.625352, 0, 0.780343, -78.3111, 23.1786, 13.0056)

[node name="trampoline2" parent="MyWorld" instance=ExtResource("20_t2136")]
transform = Transform3D(0.780343, 0, 0.625352, 0, 1, 0, -0.625352, 0, 0.780343, -79.9334, 24.5426, 10.2618)

[node name="trampoline3" parent="MyWorld" instance=ExtResource("20_t2136")]
transform = Transform3D(0.780343, 0, 0.625352, 0, 1, 0, -0.625352, 0, 0.780343, -79.9404, 25.4442, 6.85691)

[node name="trampoline4" parent="MyWorld" instance=ExtResource("20_t2136")]
transform = Transform3D(0.780343, 0, 0.625352, 0, 1, 0, -0.625352, 0, 0.780343, -79.9404, 26.0688, 3.15721)

[node name="platform-moving" parent="MyWorld" instance=ExtResource("4_5ex8m")]
transform = Transform3D(3, 0, 0, 0, 2, 0, 0, 0, 3, -133, 105.903, -3.38909)

[node name="button" parent="MyWorld/platform-moving" node_paths=PackedStringArray("target") instance=ExtResource("12_kk8bf")]
transform = Transform3D(0.333333, 0, 0, 0, 0.5, 0, 0, 0, 0.333333, -0.0220222, 0.48917, 0.0409914)
target = NodePath("../../moving_object_path")

[node name="moving_object_path" parent="MyWorld" node_paths=PackedStringArray("object_to_move") instance=ExtResource("29_30bkc")]
transform = Transform3D(1, 0, 0, 0, 1, 0, 0, 0, 1, 0.448349, 0, 0.0630637)
curve = SubResource("Curve3D_umwbn")
object_to_move = NodePath("../platform-moving")
movement_speed = 5.0
is_on_from_start = false
ping_pong = true

[node name="player_kill_volume" parent="MyWorld" instance=ExtResource("15_2eye2")]
transform = Transform3D(1, 0, 0, 0, 1, 0, 0, 0, 1, 0.448349, -20, 0.0630637)
death_height = -20.0

[node name="HUD" type="CanvasLayer" parent="."]
process_mode = 3
script = ExtResource("22_1dx8f")

[node name="Control" type="Control" parent="HUD"]
layout_mode = 3
anchors_preset = 15
anchor_right = 1.0
anchor_bottom = 1.0
grow_horizontal = 2
grow_vertical = 2

[node name="Icon" type="TextureRect" parent="HUD/Control"]
layout_mode = 0
offset_left = 57.0
offset_top = 67.0
offset_right = 313.0
offset_bottom = 323.0
scale = Vector2(0.2, 0.2)
texture = ExtResource("23_324j0")

[node name="x" type="Label" parent="HUD/Control"]
layout_mode = 0
offset_left = 112.0
offset_top = 64.0
offset_right = 144.0
offset_bottom = 123.0
text = "×"
label_settings = ExtResource("24_6hsja")

[node name="Level Complete" type="Label" parent="HUD/Control"]
unique_name_in_owner = true
layout_mode = 1
anchors_preset = 5
anchor_left = 0.5
anchor_right = 0.5
offset_left = -429.0
offset_top = 139.0
offset_right = 429.0
offset_bottom = 287.0
grow_horizontal = 2
text = "Level Complete!"
label_settings = SubResource("LabelSettings_ri8jt")

[node name="CoinsLabel" type="Label" parent="HUD/Control"]
unique_name_in_owner = true
layout_mode = 0
offset_left = 144.0
offset_top = 64.0
offset_right = 368.0
offset_bottom = 123.0
text = "0"
label_settings = ExtResource("24_6hsja")

[node name="PlayAgainButton" type="Button" parent="HUD/Control"]
unique_name_in_owner = true
layout_mode = 1
anchors_preset = 7
anchor_left = 0.5
anchor_top = 1.0
anchor_right = 0.5
anchor_bottom = 1.0
offset_left = -196.0
offset_top = -258.0
offset_right = 196.0
offset_bottom = -122.0
grow_horizontal = 2
grow_vertical = 0
size_flags_horizontal = 0
theme = ExtResource("26_xw2uw")
theme_override_colors/font_color = Color(1, 1, 1, 1)
theme_override_constants/outline_size = 2
theme_override_fonts/font = ExtResource("25_vfu23")
theme_override_font_sizes/font_size = 60
text = "Play Again?"
icon = ExtResource("27_ct75u")
flat = true
icon_alignment = 1

[node name="TimeLabel" type="Label" parent="HUD/Control"]
unique_name_in_owner = true
layout_mode = 1
anchors_preset = 5
anchor_left = 0.5
anchor_right = 0.5
offset_left = -48.5
offset_top = 59.0
offset_right = 48.5
offset_bottom = 115.0
grow_horizontal = 2
text = "00"
label_settings = SubResource("LabelSettings_x4d2s")
horizontal_alignment = 1
vertical_alignment = 1

[node name="TimeNameLabel" type="Label" parent="HUD/Control"]
unique_name_in_owner = true
layout_mode = 1
anchors_preset = 5
anchor_left = 0.5
anchor_right = 0.5
offset_left = -49.0
offset_top = 22.0
offset_right = 49.0
offset_bottom = 78.0
grow_horizontal = 2
text = "TIME"
label_settings = SubResource("LabelSettings_v6r7m")
horizontal_alignment = 1
vertical_alignment = 1

[node name="StatueClimbing" parent="." instance=ExtResource("21_o20jo")]
transform = Transform3D(-0.0280612, 0, -0.999606, 0, 1, 0, 0.999606, 0, -0.0280612, 0.327278, 5.55635, 0.534498)

[node name="GiantClimbing" type="Node3D" parent="."]
transform = Transform3D(1, 0, 0, 0, 1, 0, 0, 0, 1, -0.0758991, 0.0493135, 0.0149498)

[node name="Part1" type="Node3D" parent="GiantClimbing"]

[node name="block-grass-large-slope-steep-narrow2" parent="GiantClimbing/Part1" instance=ExtResource("23_0bmlp")]
transform = Transform3D(1, 0, 0, 0, 0.887148, 0.461485, 0, -0.461485, 0.887148, 7.31011, 15.5093, -4.70654)

[node name="block-grass-large-slope-steep-narrow3" parent="GiantClimbing/Part1" instance=ExtResource("23_0bmlp")]
transform = Transform3D(0.843766, 0.247684, -0.476142, 0, 0.887148, 0.461485, 0.536711, -0.389386, 0.748546, 9.28216, 16.6692, -4.20361)

[node name="block-grass-large-slope-steep-narrow4" parent="GiantClimbing/Part1" instance=ExtResource("23_0bmlp")]
transform = Transform3D(0.476269, 0.405784, -0.780069, 1.59952e-08, 0.887148, 0.461486, 0.8793, -0.219791, 0.422521, 11.103, 17.5884, -3.40212)

[node name="block-grass-large-slope-steep-narrow5" parent="GiantClimbing/Part1" instance=ExtResource("23_0bmlp")]
transform = Transform3D(0.06704, 0.460447, -0.885152, 1.73129e-08, 0.887148, 0.461486, 0.99775, -0.0309381, 0.0594747, 11.5059, 18.2637, -1.73785)

[node name="block-grass-large-slope-steep-narrow6" parent="GiantClimbing/Part1" instance=ExtResource("23_0bmlp")]
transform = Transform3D(-0.345992, 0.270003, -0.898548, 0.0128539, 0.958972, 0.28321, 0.938149, 0.0864384, -0.335267, 11.4861, 19.0526, 0.257749)

[node name="platform2" parent="GiantClimbing/Part1" instance=ExtResource("24_7tpol")]
transform = Transform3D(2, 0, 0, 0, 2, 0, 0, 0, 2, 12.1202, 20.5053, 4.38161)

[node name="moving_object_path2" parent="GiantClimbing/Part1" node_paths=PackedStringArray("object_to_move") instance=ExtResource("29_30bkc")]
transform = Transform3D(1, 0, 0, 0, 1, 0, 0, 0, 1, 0.530167, -0.0493135, 0.0148888)
curve = SubResource("Curve3D_0nggo")
object_to_move = NodePath("../platform2")
movement_speed = 2.0
ping_pong = true

[node name="tree2" parent="GiantClimbing/Part1" instance=ExtResource("25_yrv8q")]
transform = Transform3D(4.70001, 1.69986, 0.142652, -4.58431e-09, 0.418129, -4.98249, -1.70584, 4.68355, 0.393042, 5.22372, 25.4035, 1.11748)

[node name="tree3" parent="GiantClimbing/Part1" instance=ExtResource("25_yrv8q")]
transform = Transform3D(1.39592, -2.65527, -0.0312782, 0.0264187, 0.0492218, -2.99948, 2.65532, 1.3954, 0.0462861, -1.12253, 29.6048, -2.10046)

[node name="trampoline" parent="GiantClimbing/Part1" instance=ExtResource("20_t2136")]
transform = Transform3D(1, 0, 0, 0, 1, 0, 0, 0, 1, 1.57018, 27.5917, 8.81469)

[node name="trampoline2" parent="GiantClimbing/Part1" instance=ExtResource("20_t2136")]
transform = Transform3D(1, 0, 0, 0, 1, 0, 0, 0, 1, -2.93578, 29.5822, 8.81469)

[node name="trampoline3" parent="GiantClimbing/Part1" instance=ExtResource("20_t2136")]
transform = Transform3D(1, 0, 0, 0, 1, 0, 0, 0, 1, -4.43484, 30.7147, 4.74785)

[node name="button" parent="GiantClimbing/Part1" node_paths=PackedStringArray("target") instance=ExtResource("12_kk8bf")]
transform = Transform3D(0.787368, -0.0736559, 0.612067, 0.00946499, 0.994164, 0.107462, -0.61641, -0.0788186, 0.78347, -5.72703, 30.9307, -0.352918)
target = NodePath("../moving_object_path")

[node name="platform-moving" parent="GiantClimbing/Part1" instance=ExtResource("4_5ex8m")]
transform = Transform3D(1.60014, 0, 1.19981, 0, 1, 0, -1.19981, 0, 1.60014, -2.15445, 32.4111, -7.56109)

[node name="moving_object_path" parent="GiantClimbing/Part1" node_paths=PackedStringArray("object_to_move") instance=ExtResource("29_30bkc")]
transform = Transform3D(1, 0, 0, 0, 1, 0, 0, 0, 1, 0.530167, -0.0493135, 0.0148888)
curve = SubResource("Curve3D_lhvqu")
object_to_move = NodePath("../platform-moving")
movement_speed = 3.0
is_on_from_start = false
ping_pong = true

[node name="platform-moving2" parent="GiantClimbing/Part1" instance=ExtResource("4_5ex8m")]
transform = Transform3D(1.89182, 0, 0.648858, 0, 1, 0, -0.648858, 0, 1.89182, 9.1044, 28.4531, 12.4543)

[node name="button2" parent="GiantClimbing/Part1" node_paths=PackedStringArray("target") instance=ExtResource("12_kk8bf")]
transform = Transform3D(0.998467, 0, 0, 0, 1.12603, 0, 0, 0, 1.00903, 8.4575, 28.3529, 7.85066)
target = NodePath("../moving_object_path3")

[node name="moving_object_path3" parent="GiantClimbing/Part1" node_paths=PackedStringArray("object_to_move") instance=ExtResource("29_30bkc")]
transform = Transform3D(0.999905, -6.02678e-10, -0.0137877, 6.02678e-10, 1, -4.15562e-12, 0.0137877, -4.15562e-12, 0.999905, 0.530167, -0.0493135, 0.0148888)
curve = SubResource("Curve3D_vc6ll")
object_to_move = NodePath("../platform-moving2")
movement_speed = 2.0
is_on_from_start = false
ping_pong = true

[node name="Part2" type="Node3D" parent="GiantClimbing"]
transform = Transform3D(1, 0, 0, 0, 1, 0, 0, 0, 1, -1.71813, 30.0803, -3.25626)

[node name="block-grass-overhang-edge2" parent="GiantClimbing/Part2" instance=ExtResource("26_ulocn")]
transform = Transform3D(0.419975, 0, -0.907536, 0, 1, 0, 0.907536, 0, 0.419975, 1.71726, 2.47116, 3.64507)

[node name="block-grass-overhang-edge3" parent="GiantClimbing/Part2" instance=ExtResource("26_ulocn")]
transform = Transform3D(0.419975, 0, -0.907536, 0, 1, 0, 0.907536, 0, 0.419975, 2.57192, 3.67633, 4.50388)

[node name="block-grass-overhang-edge4" parent="GiantClimbing/Part2" instance=ExtResource("26_ulocn")]
transform = Transform3D(0.419975, 0, -0.907536, 0, 1, 0, 0.907536, 0, 0.419975, 2.08093, 4.98658, 3.34845)

[node name="block-grass-overhang-edge5" parent="GiantClimbing/Part2" instance=ExtResource("26_ulocn")]
transform = Transform3D(0.419975, 0, -0.907536, 0, 1, 0, 0.907536, 0, 0.419975, 3.11996, 6.13432, 4.67819)

[node name="block-grass-overhang-edge6" parent="GiantClimbing/Part2" instance=ExtResource("26_ulocn")]
transform = Transform3D(0.981604, 0, -0.190929, 0, 1, 0, 0.190929, 0, 0.981604, 6.91667, 6.13432, 6.28656)

[node name="block-grass-overhang-edge7" parent="GiantClimbing/Part2" instance=ExtResource("26_ulocn")]
transform = Transform3D(0.690216, 0.123781, 0.712939, -0.0175997, 0.987841, -0.15447, -0.723391, 0.0940698, 0.684001, 9.86779, 6.13432, 5.37768)

[node name="block-grass-overhang-edge14" parent="GiantClimbing/Part2" instance=ExtResource("26_ulocn")]
transform = Transform3D(0.690216, 0.123781, 0.712939, -0.0175997, 0.987841, -0.15447, -0.723391, 0.0940698, 0.684001, 11.2163, 5.83025, 2.80145)

[node name="block-grass-overhang-edge8" parent="GiantClimbing/Part2" instance=ExtResource("26_ulocn")]
transform = Transform3D(-0.397672, 0.163722, 0.902803, 0.125479, 0.984411, -0.12325, -0.908907, 0.0642694, -0.412016, 11.8442, 7.01017, 0.998661)

[node name="block-grass-overhang-edge9" parent="GiantClimbing/Part2" instance=ExtResource("26_ulocn")]
transform = Transform3D(-0.904076, 0.164618, 0.394394, 0.125479, 0.984411, -0.12325, -0.408535, -0.0619393, -0.910639, 9.11275, 8.50086, -3.42348)

[node name="block-grass-overhang-edge10" parent="GiantClimbing/Part2" instance=ExtResource("26_ulocn")]
transform = Transform3D(-0.904076, 0.164618, 0.394394, 0.125479, 0.984411, -0.12325, -0.408535, -0.0619393, -0.910639, 7.89427, 9.83775, -3.42348)

[node name="block-grass-overhang-edge11" parent="GiantClimbing/Part2" instance=ExtResource("26_ulocn")]
transform = Transform3D(-0.904076, 0.164618, 0.394394, 0.125479, 0.984411, -0.12325, -0.408535, -0.0619393, -0.910639, 10.6263, 11.083, -3.19446)

[node name="block-grass-overhang-edge16" parent="GiantClimbing/Part2" instance=ExtResource("26_ulocn")]
transform = Transform3D(-1.34699, 0.149211, 1.47084, 0.149254, 1.99335, -0.0655317, -1.47083, 0.0656294, -1.35364, 13.6991, 10.4402, 1.57508)

[node name="spike-block-wide" parent="GiantClimbing/Part2" instance=ExtResource("27_i7ntq")]
transform = Transform3D(0.171122, -0.828957, 0.532492, 0.978566, 0.205844, 0.00597502, -0.114563, 0.520057, 0.846414, 11.6373, 6.20116, -1.17643)

[node name="moving_object_path2" parent="GiantClimbing/Part2" node_paths=PackedStringArray("object_to_move") instance=ExtResource("29_30bkc")]
transform = Transform3D(1, 0, 0, 0, 1, 0, 0, 0, 1, 2.2483, -30.1296, 3.27115)
curve = SubResource("Curve3D_ntu4l")
object_to_move = NodePath("../spike-block-wide")
movement_speed = 5.0
ping_pong = true

[node name="spike-block-wide2" parent="GiantClimbing/Part2" instance=ExtResource("27_i7ntq")]
transform = Transform3D(-0.861862, -0.101478, -0.496887, 0.0756961, -0.994541, 0.0718165, -0.501462, 0.0242836, 0.864839, 13.0431, 10.861, 3.817)

[node name="moving_object_path" parent="GiantClimbing/Part2" node_paths=PackedStringArray("object_to_move") instance=ExtResource("29_30bkc")]
transform = Transform3D(1, 0, 0, 0, 1, 0, 0, 0, 1, 2.2483, -30.1296, 3.27115)
curve = SubResource("Curve3D_fcpr2")
object_to_move = NodePath("../spike-block-wide2")
movement_speed = 2.0
ping_pong = true

[node name="spike-block-wide3" parent="GiantClimbing/Part2" instance=ExtResource("27_i7ntq")]
transform = Transform3D(-0.861862, -0.101478, -0.496887, 0.0756961, -0.994541, 0.0718165, -0.501462, 0.0242836, 0.864839, 13.7901, 16.1996, 4.98628)

[node name="moving_object_path3" parent="GiantClimbing/Part2" node_paths=PackedStringArray("object_to_move") instance=ExtResource("29_30bkc")]
transform = Transform3D(1, 0, 0, 0, 1, 0, 0, 0, 1, 2.2483, -30.1296, 3.27115)
curve = SubResource("Curve3D_j4vv7")
object_to_move = NodePath("../spike-block-wide3")
movement_speed = 2.0
ping_pong = true

[node name="trampoline" parent="GiantClimbing/Part2" instance=ExtResource("20_t2136")]
transform = Transform3D(1, 0, 0, 0, 1, 0, 0, 0, 1, 7.21285, 13.4741, 7.8176)

[node name="trampoline2" parent="GiantClimbing/Part2" instance=ExtResource("20_t2136")]
transform = Transform3D(1, 0, 0, 0, 1, 0, 0, 0, 1, 3.25381, 15.2747, 7.80257)

[node name="trampoline3" parent="GiantClimbing/Part2" instance=ExtResource("20_t2136")]
transform = Transform3D(1, 0, 0, 0, 1, 0, 0, 0, 1, -0.776186, 15.2747, 7.80257)

[node name="moving_object_path4" parent="GiantClimbing/Part2" node_paths=PackedStringArray("object_to_move") instance=ExtResource("29_30bkc")]
transform = Transform3D(1, 0, 0, 0, 1, 0, 0, 0, 1, 2.2483, -30.1296, 3.27115)
curve = SubResource("Curve3D_onmrt")
object_to_move = NodePath("../trampoline3")
movement_speed = 2.0
ping_pong = true

[node name="platform-moving" parent="GiantClimbing/Part2" instance=ExtResource("4_5ex8m")]
transform = Transform3D(2, 0, 0, 0, 1, 0, 0, 0, 2, 0.534912, 22.4878, 2.26931)

[node name="button" parent="GiantClimbing/Part2/platform-moving" node_paths=PackedStringArray("target") instance=ExtResource("12_kk8bf")]
transform = Transform3D(0.5, 0, 0, 0, 0.5, 0, 0, 0, 0.5, 0.0330143, 0.466763, -0.00995922)
target = NodePath("../../moving_object_path5")

[node name="moving_object_path5" parent="GiantClimbing/Part2" node_paths=PackedStringArray("object_to_move") instance=ExtResource("29_30bkc")]
transform = Transform3D(1, 0, 0, 0, 1, 0, 0, 0, 1, 2.2483, -30.1296, 3.27115)
curve = SubResource("Curve3D_vb3ux")
object_to_move = NodePath("../platform-moving")
movement_speed = 2.0
is_on_from_start = false
ping_pong = true

[node name="block-grass-low-hexagon2" parent="GiantClimbing/Part2" instance=ExtResource("28_m1csu")]
transform = Transform3D(2.86458, 0, 0.891175, 0, 2, 0, -0.891175, 0, 2.86458, 4.62061, 16.2406, -2.81775)

[node name="block-grass-low-hexagon6" parent="GiantClimbing/Part2" instance=ExtResource("28_m1csu")]
transform = Transform3D(2.68009, 0.101325, 1.3394, -0.135955, 1.99743, -0.0679449, -1.34112, 0, 2.68354, 3.37198, 22.596, -1.34422)

[node name="block-grass-low-hexagon4" parent="GiantClimbing/Part2" instance=ExtResource("28_m1csu")]
transform = Transform3D(2.99283, -0.101393, -0.140803, 0.155211, 1.99687, 0.0636775, 0.137354, -0.0472067, 2.99602, 11.5987, 11.6149, 7.08735)

[node name="block-grass-low-hexagon7" parent="GiantClimbing/Part2" instance=ExtResource("28_m1csu")]
transform = Transform3D(2.99283, -0.101393, -0.140803, 0.155211, 1.99687, 0.0636775, 0.137354, -0.0472067, 2.99602, 13.6431, 11.7645, 9.23863)

[node name="block-grass-low-hexagon8" parent="GiantClimbing/Part2" instance=ExtResource("28_m1csu")]
transform = Transform3D(2.99283, -0.101393, -0.140803, 0.155211, 1.99687, 0.0636775, 0.137354, -0.0472067, 2.99602, 15.6151, 11.9107, 11.4452)

[node name="block-grass-low-hexagon3" parent="GiantClimbing/Part2" instance=ExtResource("28_m1csu")]
transform = Transform3D(2.98119, 0, 0.335447, 0, 2, 0, -0.335447, 0, 2.98119, 10.0419, 6.86888, -3.87633)

[node name="block-grass-low-hexagon5" parent="GiantClimbing/Part2" instance=ExtResource("28_m1csu")]
transform = Transform3D(1.97925, 0.0502792, 0.269153, -0.0996413, 0.998735, -0.01355, -0.269494, 0, 1.98176, 3.15995, 18.3481, 1.90922)

[node name="checkpoint" parent="GiantClimbing/Part2" instance=ExtResource("26_6820t")]
transform = Transform3D(1, 0, 0, 0, 1, 0, 0, 0, 1, -0.316362, 0.797653, 0.440212)

[node name="checkpoint2" parent="GiantClimbing/Part2" instance=ExtResource("26_6820t")]
transform = Transform3D(1, 0, 0, 0, 1, 0, 0, 0, 1, 10.7788, 7.75761, -3.58766)

[node name="checkpoint3" parent="GiantClimbing/Part2" instance=ExtResource("26_6820t")]
transform = Transform3D(1, 0, 0, 0, 1, 0, 0, 0, 1, 10.7788, 7.75761, -3.58766)

[node name="checkpoint4" parent="GiantClimbing/Part2" instance=ExtResource("26_6820t")]
transform = Transform3D(1, 0, 0, 0, 1, 0, 0, 0, 1, 4.42371, 17.0767, -1.95576)

[node name="platform-moving2" parent="GiantClimbing/Part2" instance=ExtResource("4_5ex8m")]
transform = Transform3D(0.934428, 0, 0.356151, 0, 1, 0, -0.356151, 0, 0.934428, 12.7758, 8.1615, -5.09749)

[node name="button" parent="GiantClimbing/Part2" node_paths=PackedStringArray("target") instance=ExtResource("12_kk8bf")]
transform = Transform3D(0.75777, 0, -0.652522, 0, 1, 0, 0.652522, 0, 0.75777, 9.50023, 7.82806, -4.79788)
target = NodePath("../moving_object_path6")

[node name="button2" parent="GiantClimbing/Part2" node_paths=PackedStringArray("target") instance=ExtResource("12_kk8bf")]
transform = Transform3D(0.998622, 0.0524928, 0, -0.0524928, 0.998621, 0, 0, 0, 1, 3.988, 23.4443, -1.99996)
target = NodePath("../moving_object_path5")

[node name="moving_object_path6" parent="GiantClimbing/Part2" node_paths=PackedStringArray("object_to_move") instance=ExtResource("29_30bkc")]
transform = Transform3D(1, 0, 0, 0, 1, 0, 0, 0, 1, 2.2483, -30.1296, 3.27115)
curve = SubResource("Curve3D_acyxi")
object_to_move = NodePath("../platform-moving2")
movement_speed = 3.0
is_on_from_start = false
ping_pong = true

[node name="block-grass-large-slope-steep-narrow2" parent="GiantClimbing/Part2" instance=ExtResource("23_0bmlp")]
transform = Transform3D(-1.42164, -0.0151123, 0.478249, -0.0370738, 1.49822, -0.0628624, -0.477049, -0.0713986, -1.42033, 3.74592, 16.9231, -0.202422)

[node name="block-grass-large-slope-steep-narrow4" parent="GiantClimbing/Part2" instance=ExtResource("23_0bmlp")]
transform = Transform3D(-0.841127, 0.0257396, -0.540225, 0.0181593, 0.999647, 0.0193553, 0.540533, 0.00647014, -0.841297, 4.12468, 18.5126, 3.06388)

[node name="block-grass-large-slope-steep-narrow5" parent="GiantClimbing/Part2" instance=ExtResource("23_0bmlp")]
transform = Transform3D(-0.835196, 0.124585, -0.535654, 0.0565827, 0.9883, 0.14164, 0.547033, 0.0879882, -0.832473, 4.91898, 19.2916, 4.47823)

[node name="block-grass-large-slope-steep-narrow6" parent="GiantClimbing/Part2" instance=ExtResource("23_0bmlp")]
transform = Transform3D(-0.835196, 0.124585, -0.535654, 0.0565827, 0.9883, 0.14164, 0.547033, 0.0879882, -0.832473, 5.7144, 19.8957, 5.72941)

[node name="block-grass-large-slope-steep-narrow7" parent="GiantClimbing/Part2" instance=ExtResource("23_0bmlp")]
transform = Transform3D(0.893991, -0.113314, 0.43352, 0.0565827, 0.9883, 0.14164, -0.444497, -0.102095, 0.889942, 5.27112, 21.4646, 4.04495)

[node name="block-grass-large-slope-steep-narrow8" parent="GiantClimbing/Part2" instance=ExtResource("23_0bmlp")]
transform = Transform3D(0.893991, -0.113314, 0.43352, 0.0565827, 0.9883, 0.14164, -0.444497, -0.102095, 0.889942, 4.47457, 22.088, 2.33784)

[node name="block-grass-large-slope-steep-narrow9" parent="GiantClimbing/Part2" instance=ExtResource("23_0bmlp")]
transform = Transform3D(0.893991, -0.113314, 0.43352, 0.0565827, 0.9883, 0.14164, -0.444497, -0.102095, 0.889942, 3.93281, 22.4647, 0.91089)

[node name="platform-moving3" parent="GiantClimbing/Part2" instance=ExtResource("4_5ex8m")]
transform = Transform3D(1.42931, 0, 1.39895, 0, 1, 0, -1.39895, 0, 1.42931, 18.7131, 13.8092, 14.3535)

[node name="button3" parent="GiantClimbing/Part2" node_paths=PackedStringArray("target") instance=ExtResource("12_kk8bf")]
transform = Transform3D(0.996538, 0, 0.0831387, 0, 1, 0, -0.0831387, 0, 0.996538, 14.7934, 12.8131, 11.9811)
target = NodePath("../moving_object_path7")

[node name="moving_object_path7" parent="GiantClimbing/Part2" node_paths=PackedStringArray("object_to_move") instance=ExtResource("29_30bkc")]
transform = Transform3D(1, 0, 0, 0, 1, 0, 0, 0, 1, 2.2483, -30.1296, 3.27115)
curve = SubResource("Curve3D_8wc8p")
object_to_move = NodePath("../platform-moving3")
movement_speed = 3.0
is_on_from_start = false
ping_pong = true

[node name="Part3" type="Node3D" parent="GiantClimbing"]
transform = Transform3D(1, 0, 0, 0, 1, 0, 0, 0, 1, -21.592, 21.1916, 41.354)

[node name="block-grass-low-hexagon2" parent="GiantClimbing/Part3" instance=ExtResource("28_m1csu")]
transform = Transform3D(1, 0, 0, 0, 1, 0, 0, 0, 1, 1.0826, 1.78559, -2.67652)

[node name="block-grass-low-hexagon3" parent="GiantClimbing/Part3" instance=ExtResource("28_m1csu")]
transform = Transform3D(1, 0, 0, 0, 1, 0, 0, 0, 1, 3.14643, 3.30576, -0.272053)

[node name="block-grass-low-hexagon5" parent="GiantClimbing/Part3" instance=ExtResource("28_m1csu")]
transform = Transform3D(1, 0, 0, 0, 1, 0, 0, 0, 1, 2.22974, 4.34169, -2.54007)

[node name="block-grass-low-hexagon6" parent="GiantClimbing/Part3" instance=ExtResource("28_m1csu")]
transform = Transform3D(1, 0, 0, 0, 1, 0, 0, 0, 1, 4.61401, 5.03592, -0.935467)

[node name="block-grass-low-hexagon4" parent="GiantClimbing/Part3" instance=ExtResource("28_m1csu")]
transform = Transform3D(1, 0, 0, 0, 1, 0, 0, 0, 1, 0.975086, 2.57809, -0.272053)

[node name="trampoline" parent="GiantClimbing/Part3" instance=ExtResource("20_t2136")]
transform = Transform3D(1, 0, 0, 0, 1, 0, 0, 0, 1, 11.1018, 0, -5.3474)
trampoline_strength = 8.0

[node name="moving_object_path2" parent="GiantClimbing/Part3" node_paths=PackedStringArray("object_to_move") instance=ExtResource("29_30bkc")]
transform = Transform3D(1, 0, 0, 0, 1, 0, 0, 0, 1, 22.1222, -21.2409, -41.3391)
curve = SubResource("Curve3D_kqoch")
object_to_move = NodePath("../trampoline")
movement_speed = 2.0
ping_pong = true

[node name="block-grass-large2" parent="GiantClimbing/Part3" instance=ExtResource("26_is2pv")]
